
=== UNIVERSE (all investable candidates), 3y, by year
            n  mean_ex  med_ex   beat   lost  mean_ret
year                                                  
2005  44283.0   -0.076  -0.036  0.422  0.520    -0.046
2006  43552.0   -0.092  -0.042  0.413  0.775    -0.180
2007  42506.0   -0.066  -0.020  0.452  0.696    -0.131
2008  41558.0   -0.014   0.012  0.526  0.426     0.018
2009  39646.0   -0.000   0.010  0.521  0.250     0.164
2010  38131.0   -0.059  -0.021  0.451  0.276     0.093
2011  36872.0   -0.078  -0.042  0.400  0.277     0.094
2012  36007.0   -0.072  -0.037  0.412  0.280     0.094
2013  35573.0   -0.105  -0.056  0.370  0.397     0.006
2014  36226.0   -0.115  -0.058  0.365  0.413    -0.010
2015  36691.0   -0.105  -0.058  0.368  0.377     0.019
2016  35863.0   -0.092  -0.049  0.387  0.350     0.042
2017  35042.0   -0.145  -0.116  0.290  0.506    -0.034
2018  34969.0   -0.117  -0.095  0.322  0.368     0.056
2019  34860.0   -0.119  -0.092  0.316  0.399     0.030
2020  34908.0   -0.089  -0.055  0.397  0.396     0.031
2021  39645.0   -0.215  -0.146  0.272  0.564    -0.115
2022  43300.0   -0.224  -0.179  0.250  0.526    -0.064
2023  27306.0   -0.214  -0.183  0.236  0.461    -0.004
2024      0.0      NaN     NaN    NaN    NaN       NaN
2025      0.0      NaN     NaN    NaN    NaN       NaN
2026      0.0      NaN     NaN    NaN    NaN       NaN

=== UNIVERSE 3y by period
                n  mean_ex  med_ex   beat   lost  mean_ret
period                                                    
2005-12  322555.0   -0.057  -0.022  0.450  0.449     0.007
2013-20  284132.0   -0.111  -0.071  0.352  0.401     0.017
2021-26  110251.0   -0.218  -0.169  0.254  0.524    -0.068

=== UNIVERSE (all investable candidates), 1y, by year
            n  mean_ex  med_ex   beat   lost  mean_ret
year                                                  
2005  44283.0    0.054  -0.012  0.484  0.387     0.156
2006  43552.0   -0.002  -0.049  0.435  0.381     0.149
2007  42506.0   -0.070  -0.093  0.389  0.734    -0.196
2008  41558.0    0.043  -0.038  0.457  0.738    -0.168
2009  39646.0    0.315   0.078  0.575  0.231     0.569
2010  38131.0    0.052   0.001  0.501  0.333     0.204
2011  36872.0   -0.077  -0.088  0.383  0.485     0.029
2012  36007.0    0.038  -0.013  0.483  0.277     0.245
2013  35573.0    0.018  -0.050  0.429  0.289     0.228
2014  36226.0   -0.071  -0.078  0.398  0.475     0.027
2015  36691.0   -0.095  -0.084  0.390  0.562    -0.057
2016  35863.0    0.021  -0.023  0.467  0.304     0.211
2017  35042.0   -0.014  -0.077  0.400  0.406     0.139
2018  34969.0   -0.099  -0.097  0.384  0.538    -0.034
2019  34860.0   -0.095  -0.185  0.313  0.559     0.031
2020  34908.0    0.331   0.024  0.518  0.223     0.684
2021  39645.0   -0.164  -0.162  0.329  0.665    -0.159
2022  43300.0   -0.116  -0.131  0.368  0.584    -0.071
2023  40376.0   -0.180  -0.233  0.289  0.462     0.097
2024  37342.0   -0.108  -0.206  0.303  0.532     0.064
2025  23733.0    0.102  -0.120  0.394  0.409     0.321
2026      0.0      NaN     NaN    NaN    NaN       NaN

=== UNIVERSE 1y by period
                n  mean_ex  med_ex   beat   lost  mean_ret
period                                                    
2005-12  322555.0    0.044  -0.029  0.463  0.451     0.119
2013-20  284132.0   -0.001  -0.072  0.412  0.420     0.152
2021-26  184396.0   -0.111  -0.174  0.332  0.542     0.024

=== PICKS by year, 3y: mean excess over SPY, minus the universe's, share that lost money
     forest               mom               roc             forest+mom             forest+roc             mom+roc             forest+mom+roc             universe      
         ex  vs_u  lost    ex  vs_u  lost    ex  vs_u  lost         ex  vs_u  lost         ex  vs_u  lost      ex  vs_u  lost             ex  vs_u  lost       ex  lost
year                                                                                                                                                                   
2005   -1.7   6.0  40.8 -22.1 -14.4  69.2 -13.2  -5.6  56.7        0.3   8.0  44.2       -5.0   2.6  48.3    -7.4   0.2  58.3           -5.7   2.0  42.5     -7.6  52.0
2006   -6.4   2.8  80.0 -30.6 -21.4  90.0 -12.8  -3.6  72.5       -1.5   7.7  78.3        1.8  11.0  65.8   -17.7  -8.5  86.7            1.4  10.6  73.3     -9.2  77.5
2007    5.4  12.0  49.2 -30.0 -23.4  86.7  -1.8   4.8  61.7        6.1  12.7  51.7        4.4  11.0  60.0   -10.2  -3.6  73.3            7.6  14.2  43.3     -6.6  69.6
2008    5.6   7.0  15.8 -16.9 -15.5  71.7   6.6   8.0  30.0        4.4   5.8  22.5        5.5   6.9   9.2     3.5   4.9  44.2            7.8   9.2   9.2     -1.4  42.6
2009    4.8   4.8   1.7 -15.1 -15.1  41.7  10.5  10.5  10.0        3.1   3.1   3.3        2.0   2.0   0.0   -13.0 -13.0  47.5            0.2   0.2   8.3     -0.0  25.0
2010    2.0   7.9   1.7 -22.1 -16.2  50.0   4.9  10.8   7.5        3.2   9.2   7.5        0.5   6.5   5.0   -15.2  -9.2  37.5           10.6  16.5   1.7     -5.9  27.6
2011   -0.8   6.9   3.3 -30.2 -22.4  65.0   0.9   8.7  14.2        1.1   8.9   5.8        0.2   8.0   0.8    -4.7   3.0  41.7            5.2  12.9   5.8     -7.8  27.7
2012   -1.4   5.8   2.5 -16.3  -9.1  51.7   3.7  10.8  10.0       -2.8   4.4  18.3       -1.4   5.8  15.8    -6.3   0.9  46.7           -0.9   6.3  16.7     -7.2  28.0
2013    2.4  12.8   2.5 -16.1  -5.7  45.8  -6.2   4.3  35.0        0.6  11.1  19.2        7.8  18.3   2.5   -11.6  -1.1  39.2            2.2  12.7  16.7    -10.5  39.7
2014    2.5  14.0   9.2 -37.5 -26.0  77.5 -15.5  -4.0  40.0        2.8  14.2  19.2        4.6  16.1  10.0   -15.5  -4.1  45.0            3.6  15.1  17.5    -11.5  41.3
2015   -1.1   9.4  12.5 -26.3 -15.9  68.3  -4.8   5.7  30.0       -3.6   6.9  23.3       -0.3  10.2  20.0    -8.8   1.7  40.8            3.1  13.6  13.3    -10.5  37.7
2016   -1.2   8.0  15.0 -33.3 -24.1  72.5  -1.7   7.5  30.0       -2.0   7.2  15.0       -0.9   8.3  20.8    -2.4   6.8  30.0            1.8  11.0  15.8     -9.2  35.0
2017   -1.0  13.6  11.7 -27.5 -13.0  67.5 -10.1   4.5  48.3       -1.8  12.8  28.3        4.8  19.4   8.3   -15.7  -1.2  57.5            2.3  16.9  19.2    -14.5  50.6
2018   -2.4   9.3   1.7 -15.4  -3.7  54.2   0.2  11.9  20.8        1.3  13.0  12.5       -1.8   9.9   0.0    -7.9   3.8  36.7            3.4  15.1   8.3    -11.7  36.8
2019   -5.9   6.0  20.0 -31.1 -19.1  67.5  -8.4   3.6  26.7       -3.9   8.0  19.2       -3.8   8.1   6.7    -5.2   6.8  33.3           -5.0   6.9  13.3    -11.9  39.9
2020   -4.2   4.7  20.8 -20.8 -12.0  61.7  -9.7  -0.9  38.3       -8.9  -0.0  35.8       -2.8   6.1  13.3    -1.1   7.8  35.0           -2.7   6.2  21.7     -8.9  39.6
2021   -2.8  18.7  22.5 -59.7 -38.2  95.0 -16.0   5.6  39.2       -9.1  12.5  42.5       -2.2  19.3   5.8   -35.6 -14.0  67.5          -13.8   7.7  45.8    -21.5  56.4
2022   -9.8  12.6  24.2 -33.9 -11.5  65.0 -21.8   0.5  49.2       -4.6  17.8  17.5       -9.4  12.9  25.8   -12.5   9.9  44.2           -8.7  13.7  25.0    -22.4  52.6
2023  -12.8   8.6  17.5 -26.7  -5.3  63.7 -25.7  -4.3  40.0      -10.4  11.0  25.0      -14.1   7.4  22.5   -23.0  -1.6  47.5          -13.5   7.9  28.7    -21.4  46.1
2024    NaN   NaN   NaN   NaN   NaN   NaN   NaN   NaN   NaN        NaN   NaN   NaN        NaN   NaN   NaN     NaN   NaN   NaN            NaN   NaN   NaN      NaN   NaN
2025    NaN   NaN   NaN   NaN   NaN   NaN   NaN   NaN   NaN        NaN   NaN   NaN        NaN   NaN   NaN     NaN   NaN   NaN            NaN   NaN   NaN      NaN   NaN
2026    NaN   NaN   NaN   NaN   NaN   NaN   NaN   NaN   NaN        NaN   NaN   NaN        NaN   NaN   NaN     NaN   NaN   NaN            NaN   NaN   NaN      NaN   NaN

=== PICKS by period, 3y
forest
          ex  vs_u  med  beat  lost  lost_vs_u      n
period                                               
2005-12  0.9   6.7  1.3  54.3  24.4      -20.5  960.0
2013-20 -1.4   9.7 -0.6  46.5  11.7      -28.4  960.0
2021-26 -7.9  13.9 -7.6  20.9  21.9      -30.5  320.0
mom
           ex  vs_u   med  beat  lost  lost_vs_u      n
period                                                 
2005-12 -22.9 -17.2 -23.4  29.1  65.7       20.8  960.0
2013-20 -26.0 -14.9 -28.3  21.2  64.4       24.3  960.0
2021-26 -41.8 -20.0 -42.1  11.9  75.9       23.6  320.0
roc
           ex  vs_u  med  beat  lost  lost_vs_u      n
period                                                
2005-12  -0.2   5.6  3.8  59.8  32.8      -12.1  960.0
2013-20  -7.0   4.0 -2.7  44.3  33.6       -6.4  960.0
2021-26 -20.6   1.2 -8.5  30.3  43.1       -9.2  320.0
forest+mom
          ex  vs_u  med  beat  lost  lost_vs_u      n
period                                               
2005-12  1.8   7.5  2.0  58.6  29.0      -15.9  960.0
2013-20 -1.9   9.1 -0.7  47.2  21.6      -18.5  960.0
2021-26 -7.7  14.1 -7.7  31.2  28.7      -23.6  320.0
forest+roc
          ex  vs_u  med  beat  lost  lost_vs_u      n
period                                               
2005-12  1.0   6.7  1.8  56.7  25.6      -19.3  960.0
2013-20  1.0  12.0  1.2  55.9  10.2      -29.8  960.0
2021-26 -7.9  14.0 -5.6  25.6  17.5      -34.9  320.0
mom+roc
           ex  vs_u   med  beat  lost  lost_vs_u      n
period                                                 
2005-12  -8.9  -3.1  -7.7  37.8  54.5        9.6  960.0
2013-20  -8.5   2.5  -6.3  38.5  39.7       -0.4  960.0
2021-26 -23.8  -1.9 -19.9  20.9  53.8        1.4  320.0
forest+mom+roc
           ex  vs_u  med  beat  lost  lost_vs_u      n
period                                                
2005-12   3.3   9.0  4.4  66.4  25.1      -19.8  960.0
2013-20   1.1  12.2  0.8  52.4  15.7      -24.3  960.0
2021-26 -11.8  10.0 -9.7  25.0  33.8      -18.6  320.0
universe
         mean_ex  med_ex  beat  lost
period                              
2005-12     -5.7    -2.2  45.0  44.9
2013-20    -11.1    -7.1  35.2  40.1
2021-26    -21.8   -16.9  25.4  52.4

=== PICKS by year, 1y: mean excess over SPY, minus the universe's, share that lost money
     forest                mom                roc             forest+mom             forest+roc             mom+roc             forest+mom+roc             universe      
         ex  vs_u  lost     ex   vs_u  lost    ex  vs_u  lost         ex  vs_u  lost         ex  vs_u  lost      ex  vs_u  lost             ex  vs_u  lost       ex  lost
year                                                                                                                                                                     
2005    1.0  -4.4  28.3   -2.1   -7.5  58.3  -6.9 -12.3  45.8        4.1  -1.3  34.2       -5.1 -10.4  35.0    40.5  35.2  30.8           -2.1  -7.4  34.2      5.4  38.7
2006   -3.0  -2.9  19.2  -26.4  -26.2  70.8  -5.8  -5.6  40.8       -0.3  -0.2  31.7       -0.3  -0.1  11.7    -7.2  -7.1  45.8          -11.5 -11.3  43.3     -0.2  38.1
2007    3.5  10.5  70.8  -33.8  -26.8  87.5  -8.0  -1.0  75.8        2.4   9.3  73.3        2.9   9.8  60.0    -9.9  -3.0  70.8            5.0  11.9  58.3     -7.0  73.4
2008    6.8   2.5  75.0  -17.9  -22.2  87.5  16.7  12.4  71.7        3.8  -0.4  76.7       11.9   7.6  77.5     4.6   0.3  69.2            9.8   5.5  76.7      4.3  73.8
2009    3.9 -27.6   1.7   22.9   -8.7  44.2  23.9  -7.6  10.0        1.2 -30.3  16.7        4.9 -26.6  10.0   -13.8 -45.3  41.7            6.8 -24.7  12.5     31.5  23.1
2010    5.2   0.0   9.2  -15.6  -20.8  62.5   1.9  -3.3  20.8       10.5   5.3  16.7        4.1  -1.1   9.2    -8.2 -13.4  47.5           22.9  17.7   8.3      5.2  33.3
2011    9.8  17.5  11.7  -31.6  -23.8  75.8  -0.6   7.1  36.7        7.3  15.1  26.7        5.2  13.0  23.3    -4.6   3.2  55.8           11.0  18.8  17.5     -7.7  48.5
2012    4.6   0.9   8.3   -9.4  -13.2  49.2   6.1   2.3  15.0       -1.5  -5.3  18.3       -2.4  -6.2  15.8    14.6  10.9  23.3           -0.0  -3.8  15.0      3.8  27.7
2013   -8.5 -10.2  18.3   -3.0   -4.8  52.5  -5.5  -7.3  25.0       -0.8  -2.6  19.2        3.9   2.1   5.8    -1.3  -3.1  27.5           -0.1  -1.9  13.3      1.8  28.9
2014    3.1  10.2  27.5  -40.6  -33.6  78.3 -11.9  -4.8  45.8       10.5  17.6  25.0       13.6  20.7   8.3    -1.1   6.0  54.2           12.6  19.6  15.8     -7.1  47.5
2015   10.7  20.2  14.2  -21.3  -11.8  72.5 -13.3  -3.8  56.7        3.2  12.7  35.8       10.1  19.6  19.2    -3.8   5.6  50.0            4.0  13.5  31.7     -9.5  56.2
2016   -5.1  -7.2  12.5  -18.7  -20.8  60.0   3.9   1.8  21.7       -6.5  -8.6  25.8       -2.2  -4.3  15.0    -3.2  -5.3  30.8           -2.8  -5.0  14.2      2.1  30.4
2017   -5.2  -3.7  25.0  -18.4  -17.0  55.8  -7.3  -5.9  37.5       -0.8   0.6  27.5        4.8   6.3  12.5    -2.5  -1.0  35.0            2.5   3.9  22.5     -1.4  40.6
2018   14.9  24.8   5.8  -15.7   -5.7  71.7   3.5  13.5  37.5       11.4  21.3  15.8       11.1  21.1  18.3    -3.2   6.8  50.0           12.1  22.0  17.5     -9.9  53.8
2019  -10.9  -1.4  43.3    1.5   11.0  57.5  11.7  21.2  40.8       -5.8   3.7  37.5       -2.6   6.9  35.8    -4.0   5.5  41.7           -2.0   7.5  33.3     -9.5  55.9
2020  -17.5 -50.6  25.8  144.6  111.5  30.0 -13.7 -46.8  30.0      -22.5 -55.6  35.8      -17.1 -50.2  16.7    24.9  -8.2  25.0          -14.0 -47.1  28.3     33.1  22.3
2021    5.0  21.4  38.3  -52.0  -35.6  88.3 -17.1  -0.7  60.0       -4.3  12.1  62.5        1.1  17.5  44.2   -30.5 -14.1  78.3          -15.4   1.0  71.7    -16.4  66.5
2022   -5.1   6.4  55.0    2.9   14.4  59.2  -9.0   2.5  53.3       -1.9   9.7  50.0       -3.4   8.2  45.8    -0.3  11.3  53.3           -1.7   9.9  50.0    -11.6  58.4
2023  -18.2  -0.2  35.8   -2.0   16.1  44.2 -20.5  -2.5  33.3       -6.7  11.4  35.8      -11.4   6.6  15.0    -1.0  17.0  37.5           -9.9   8.1  30.8    -18.0  46.2
2024   -6.2   4.6  27.5    5.6   16.4  46.7   1.4  12.2  30.8        4.0  14.9  25.0       -6.2   4.6  21.7    17.2  28.0  37.5           -4.1   6.8  32.5    -10.8  53.2
2025  -14.0 -24.3  28.7  -11.2  -21.4  55.0 -24.1 -34.3  66.2      -15.8 -26.0  35.0      -33.0 -43.3  75.0    23.6  13.4  16.2          -20.8 -31.0  42.5     10.2  40.9
2026    NaN   NaN   NaN    NaN    NaN   NaN   NaN   NaN   NaN        NaN   NaN   NaN        NaN   NaN   NaN     NaN   NaN   NaN            NaN   NaN   NaN      NaN   NaN

=== PICKS by period, 1y
forest
          ex  vs_u  med  beat  lost  lost_vs_u      n
period                                               
2005-12  4.0  -0.4  3.8  58.6  28.0      -17.0  960.0
2013-20 -2.3  -2.2 -3.3  44.7  21.6      -20.4  960.0
2021-26 -7.3   3.8 -9.9  31.6  37.7      -16.5  560.0
mom
           ex  vs_u   med  beat  lost  lost_vs_u      n
period                                                 
2005-12 -14.2 -18.6 -31.4  29.2  67.0       21.9  960.0
2013-20   3.6   3.7 -30.3  30.9  59.8       17.8  960.0
2021-26 -11.3  -0.3 -30.5  34.3  58.9        4.8  560.0
roc
           ex  vs_u   med  beat  lost  lost_vs_u      n
period                                                 
2005-12   3.4  -1.0   0.6  51.1  39.6       -5.5  960.0
2013-20  -4.1  -3.9  -4.0  45.0  36.9       -5.1  960.0
2021-26 -13.1  -2.1 -10.9  35.5  47.5       -6.7  560.0
forest+mom
          ex  vs_u  med  beat  lost  lost_vs_u      n
period                                               
2005-12  3.4  -0.9  0.5  51.1  36.8       -8.3  960.0
2013-20 -1.4  -1.3 -1.5  47.4  27.8      -14.2  960.0
2021-26 -4.2   6.9 -5.2  39.8  42.1      -12.0  560.0
forest+roc
          ex  vs_u  med  beat  lost  lost_vs_u      n
period                                               
2005-12  2.7  -1.7  0.9  52.4  30.3      -14.7  960.0
2013-20  2.7   2.8  3.5  58.2  16.5      -25.5  960.0
2021-26 -9.0   2.1 -6.6  33.9  37.9      -16.3  560.0
mom+roc
          ex  vs_u  med  beat  lost  lost_vs_u      n
period                                               
2005-12  2.0  -2.4 -7.9  42.9  48.1        3.1  960.0
2013-20  0.7   0.9 -4.9  45.0  39.3       -2.7  960.0
2021-26  0.2  11.3 -8.1  44.3  46.6       -7.5  560.0
forest+mom+roc
          ex  vs_u   med  beat  lost  lost_vs_u      n
period                                                
2005-12  5.2   0.9   4.0  55.2  33.2      -11.8  960.0
2013-20  1.5   1.7   1.8  53.2  22.1      -19.9  960.0
2021-26 -9.6   1.4 -10.1  31.8  45.7       -8.4  560.0
universe
         mean_ex  med_ex  beat  lost
period                              
2005-12      4.4    -2.9  46.3  45.1
2013-20     -0.1    -7.2  41.2  42.0
2021-26    -11.1   -17.4  33.2  54.2

=== UNIVERSE by size bucket (log_marketcap_rank), 3y excess
                mean  median    size
period  size                        
2005-12 <50   -0.116  -0.084  121798
        50-80 -0.033  -0.011  118170
        80-95 -0.002   0.012   59470
        top5   0.002   0.008   20034
2013-20 <50   -0.179  -0.144  106547
        50-80 -0.083  -0.060  105351
        80-95 -0.049  -0.033   53041
        top5  -0.025  -0.018   17834
2021-26 <50   -0.333  -0.331   41376
        50-80 -0.176  -0.153   41000
        80-95 -0.120  -0.112   20710
        top5  -0.065  -0.064    6988

=== UNIVERSE by size bucket (log_marketcap_rank), 1y excess
                mean  median    size
period  size                        
2005-12 <50    0.045  -0.104  121798
        50-80  0.046  -0.012  118170
        80-95  0.046   0.012   59470
        top5   0.023   0.008   20034
2013-20 <50    0.014  -0.149  106547
        50-80 -0.011  -0.060  105351
        80-95 -0.004  -0.027   53041
        top5  -0.008  -0.017   17834
2021-26 <50   -0.165  -0.332   68966
        50-80 -0.089  -0.150   68734
        80-95 -0.070  -0.102   34743
        top5  -0.030  -0.061   11704

=== three-way picks: mean log_marketcap_rank by period
         count   mean    std    min    25%    50%    75%  max
period                                                       
2005-12  960.0  0.831  0.176  0.238  0.775  0.890  0.953  1.0
2013-20  960.0  0.885  0.115  0.321  0.853  0.920  0.959  1.0
2021-26  680.0  0.915  0.099  0.478  0.899  0.961  0.982  1.0
                 n    ex3    ex1
period  size                    
2005-12 <50     89 -0.004  0.035
        50-80  197  0.007  0.044
        80-95  424  0.061  0.084
        top5   250  0.019  0.013
2013-20 <50     21 -0.044 -0.149
        50-80  142  0.001  0.001
        80-95  491  0.022  0.022
        top5   306  0.002  0.022
2021-26 <50      3  0.150  0.612
        50-80   84 -0.214 -0.153
        80-95  236 -0.131 -0.091
        top5   357 -0.077 -0.092

=== UNIVERSE by forest-score decile within month (9 = safest), 3y: mean excess / lost
period  2005-12  2013-20  2021-26  2005-12_lost  2013-20_lost  2021-26_lost
fq                                                                         
0        -0.227   -0.289   -0.537         0.693         0.676         0.822
1        -0.155   -0.216   -0.379         0.600         0.582         0.701
2        -0.095   -0.171   -0.330         0.528         0.521         0.681
3        -0.057   -0.117   -0.244         0.478         0.454         0.581
4        -0.031   -0.081   -0.197         0.435         0.395         0.544
5        -0.019   -0.070   -0.140         0.409         0.359         0.462
6        -0.010   -0.056   -0.102         0.395         0.322         0.406
7         0.001   -0.044   -0.088         0.360         0.279         0.383
8         0.007   -0.033   -0.078         0.325         0.234         0.340
9         0.014   -0.030   -0.089         0.264         0.183         0.315

=== UNIVERSE by forest-score decile within month (9 = safest), 1y: mean excess / lost
period  2005-12  2013-20  2021-26  2005-12_lost  2013-20_lost  2021-26_lost
fq                                                                         
0        -0.055    0.015   -0.323         0.624         0.590         0.770
1         0.042    0.006   -0.163         0.556         0.538         0.658
2         0.101    0.020   -0.135         0.518         0.510         0.646
3         0.077    0.019   -0.115         0.476         0.466         0.569
4         0.063    0.006   -0.077         0.451         0.419         0.539
5         0.055   -0.012   -0.067         0.424         0.396         0.493
6         0.046   -0.019   -0.057         0.410         0.382         0.470
7         0.045   -0.013   -0.053         0.380         0.344         0.448
8         0.037   -0.009   -0.052         0.356         0.301         0.425
9         0.028   -0.025   -0.063         0.311         0.253         0.398

=== UNIVERSE by mom decile within month (9 = highest), 3y: mean excess / lost
period  2005-12  2013-20  2021-26  2005-12_lost  2013-20_lost  2021-26_lost
q_mom                                                                      
0.0      -0.178   -0.261   -0.401         0.609         0.611         0.717
1.0      -0.080   -0.138   -0.272         0.496         0.463         0.605
2.0      -0.048   -0.099   -0.212         0.443         0.390         0.539
3.0      -0.033   -0.078   -0.174         0.414         0.343         0.484
4.0      -0.021   -0.069   -0.151         0.387         0.322         0.455
5.0      -0.017   -0.066   -0.135         0.372         0.309         0.420
6.0      -0.017   -0.066   -0.148         0.372         0.311         0.427
7.0      -0.023   -0.067   -0.151         0.393         0.322         0.435
8.0      -0.041   -0.080   -0.170         0.429         0.363         0.471
9.0      -0.088   -0.145   -0.233         0.514         0.487         0.557

=== UNIVERSE by mom decile within month (9 = highest), 1y: mean excess / lost
period  2005-12  2013-20  2021-26  2005-12_lost  2013-20_lost  2021-26_lost
q_mom                                                                      
0.0       0.097    0.055   -0.269         0.576         0.569         0.719
1.0       0.069    0.011   -0.125         0.482         0.464         0.597
2.0       0.065    0.013   -0.097         0.439         0.411         0.555
3.0       0.054   -0.007   -0.092         0.411         0.383         0.521
4.0       0.047   -0.013   -0.088         0.399         0.357         0.497
5.0       0.049   -0.010   -0.071         0.392         0.356         0.477
6.0       0.042   -0.013   -0.084         0.396         0.361         0.475
7.0       0.036   -0.019   -0.075         0.409         0.370         0.468
8.0       0.023   -0.019   -0.075         0.443         0.403         0.497
9.0      -0.018   -0.012   -0.042         0.517         0.472         0.530

=== UNIVERSE by roc decile within month (9 = highest), 3y: mean excess / lost
period  2005-12  2013-20  2021-26  2005-12_lost  2013-20_lost  2021-26_lost
q_roc                                                                      
0.0      -0.199   -0.292   -0.473         0.645         0.662         0.762
1.0      -0.130   -0.193   -0.367         0.570         0.560         0.698
2.0      -0.068   -0.167   -0.299         0.486         0.509         0.652
3.0      -0.033   -0.113   -0.216         0.421         0.427         0.573
4.0      -0.017   -0.071   -0.133         0.381         0.332         0.453
5.0      -0.015   -0.068   -0.116         0.391         0.352         0.421
6.0      -0.016   -0.056   -0.106         0.393         0.328         0.411
7.0      -0.015   -0.049   -0.124         0.380         0.310         0.436
8.0      -0.014   -0.040   -0.130         0.388         0.268         0.435
9.0      -0.021   -0.041   -0.140         0.390         0.265         0.399

=== UNIVERSE by roc decile within month (9 = highest), 1y: mean excess / lost
period  2005-12  2013-20  2021-26  2005-12_lost  2013-20_lost  2021-26_lost
q_roc                                                                      
0.0      -0.003    0.012   -0.296         0.593         0.595         0.735
1.0       0.038    0.010   -0.132         0.545         0.517         0.644
2.0       0.067    0.012   -0.082         0.474         0.478         0.610
3.0       0.071   -0.006   -0.066         0.420         0.449         0.574
4.0       0.062    0.005   -0.048         0.404         0.385         0.504
5.0       0.060   -0.008   -0.054         0.407         0.399         0.458
6.0       0.051   -0.005   -0.044         0.411         0.376         0.453
7.0       0.042    0.004   -0.071         0.410         0.362         0.475
8.0       0.036    0.001   -0.075         0.418         0.335         0.471
9.0       0.042    0.004   -0.087         0.411         0.317         0.458

=== where the index's largest members ranked each January (position of n investable; 1 = best)
2021-01-04 n = 3133
ticker  combined_pos  pos_forest  pos_mom  pos_roc  vol_36m_rank  vol_12m_rank  roc_greenblatt_rank  mom_12_2_rank  log_marketcap_rank
  AAPL             2         275      318       68          0.13          0.13                 0.97           0.89                1.00
  MSFT            38         166      526      290          0.08          0.10                 0.90           0.82                1.00
    PG            52          18     1007       53          0.00          0.02                 0.98           0.67                1.00
    HD            55         124      764      210          0.06          0.11                 0.92           0.74                1.00
   LLY            69         159      814      180          0.04          0.07                 0.93           0.73                0.99
   JNJ            80          44     1008      136          0.00          0.02                 0.95           0.67                1.00
  AMZN            84         154      354      698          0.09          0.05                 0.75           0.88                1.00
     V            86         102     1038       73          0.05          0.09                 0.97           0.66                1.00
   WMT            87          29      761      426          0.01          0.02                 0.85           0.75                1.00
  NVDA           106         745      174      363          0.40          0.29                 0.87           0.94                1.00
    MA           110         330      882       87          0.12          0.15                 0.97           0.71                1.00
  NFLX           114         823      451       40          0.26          0.13                 0.98           0.85                0.99
  META           127         345      605      411          0.19          0.12                 0.85           0.80                1.00
  AVGO           188         501      793      258          0.22          0.21                 0.91           0.74                0.99
 GOOGL           194         142      848      592          0.06          0.05                 0.79           0.72                1.00
  COST           198          22      987      580          0.00          0.02                 0.79           0.67                0.99
  ORCL           206          90     1251      274          0.04          0.06                 0.90           0.59                0.99
  TSLA           727        1641        9     1144          0.63          0.64                 0.58           1.00                1.00
   XOM          1742        1145     2470     1255          0.10          0.18                 0.53           0.15                0.99
2022-01-03 n = 3693
ticker  combined_pos  pos_forest  pos_mom  pos_roc  vol_36m_rank  vol_12m_rank  roc_greenblatt_rank  mom_12_2_rank  log_marketcap_rank
   LLY             9         253      625      265          0.08          0.26                 0.91           0.80                1.00
  ORCL            13          37      841      292          0.04          0.10                 0.90           0.74                1.00
 GOOGL            40         217      798      434          0.05          0.13                 0.85           0.75                1.00
  MSFT            92         127     1254      319          0.06          0.06                 0.89           0.61                1.00
    HD           103           6     1556      174          0.05          0.04                 0.94           0.52                1.00
  AVGO           129         363     1269      175          0.17          0.16                 0.94           0.60                0.99
  NVDA           151        1092      292      476          0.35          0.44                 0.84           0.91                1.00
  AAPL           193         228     1748       24          0.12          0.13                 0.99           0.46                1.00
   JNJ           236          33     1885      208          0.00          0.03                 0.93           0.41                1.00
    PG           297           4     2246       30          0.00          0.02                 0.99           0.30                1.00
  COST           341          19     1681      666          0.00          0.03                 0.77           0.48                0.99
     V           426         237     2213       72          0.05          0.12                 0.97           0.31                1.00
    MA           598         400     2365       44          0.13          0.19                 0.98           0.26                1.00
  META           619         477     1972      399          0.14          0.19                 0.86           0.38                1.00
  NFLX           775         953     2123       29          0.21          0.28                 0.99           0.34                1.00
   XOM           869         661      932     1673          0.15          0.20                 0.42           0.71                1.00
   WMT           997          75     2472      944          0.00          0.03                 0.68           0.22                1.00
  AMZN          1000         349     2234      912          0.08          0.14                 0.69           0.30                1.00
  TSLA          1041        1733      572     1259          0.60          0.55                 0.57           0.82                1.00
2023-01-03 n = 3673
ticker  combined_pos  pos_forest  pos_mom  pos_roc  vol_36m_rank  vol_12m_rank  roc_greenblatt_rank  mom_12_2_rank  log_marketcap_rank
   LLY            14         117      287      290          0.08          0.20                 0.90           0.93                1.00
  AAPL            38         290      606       46          0.10          0.24                 0.97           0.86                1.00
   JNJ            55           1      765      283          0.00          0.12                 0.90           0.80                1.00
   XOM            78         450       63      659          0.18          0.28                 0.79           0.99                1.00
     V            85         178      942       99          0.07          0.21                 0.95           0.71                1.00
  COST            95         139      393      747          0.01          0.22                 0.77           0.91                1.00
    PG           123          30     1314       58          0.00          0.13                 0.97           0.61                1.00
    MA           292         337     1539       68          0.13          0.27                 0.96           0.56                1.00
    HD           348         202     1613      248          0.07          0.23                 0.91           0.54                1.00
  AVGO           410         460     1601      122          0.17          0.32                 0.95           0.54                0.99
   WMT           429          74     1188      971          0.01          0.16                 0.70           0.65                1.00
  MSFT           608         349     1891      328          0.08          0.28                 0.89           0.47                1.00
 GOOGL           874         477     2052      564          0.08          0.32                 0.82           0.43                1.00
  NFLX          1425        1845     2587       61          0.38          0.69                 0.96           0.29                0.99
  NVDA          1477        1599     2302      719          0.42          0.59                 0.78           0.36                1.00
  ORCL          1492         246     1318     3074          0.07          0.27                  NaN           0.61                1.00
  AMZN          1529        1209     1978     1590          0.15          0.46                 0.52           0.45                1.00
  TSLA          1633        1987     2294      752          0.59          0.61                 0.77           0.37                1.00
  META          1941        1940     2842      712          0.32          0.61                 0.78           0.22                1.00
2024-01-02 n = 3332
ticker  combined_pos  pos_forest  pos_mom  pos_roc  vol_36m_rank  vol_12m_rank  roc_greenblatt_rank  mom_12_2_rank  log_marketcap_rank
  ORCL             1         240      174      101          0.14          0.21                 0.97           0.96                1.00
    PG            10           2      723       34          0.02          0.06                 0.99           0.81                1.00
  AVGO            12         525      180       65          0.20          0.24                 0.98           0.95                1.00
  MSFT            20         186      400      258          0.13          0.16                 0.92           0.90                1.00
   LLY            21         310      273      265          0.15          0.20                 0.91           0.93                1.00
     V            24          22      826       55          0.07          0.06                 0.98           0.79                1.00
  AAPL            31         144      761       28          0.13          0.11                 0.99           0.80                1.00
    MA            43          74      926       24          0.11          0.07                 0.99           0.76                1.00
 GOOGL           116         460      470      475          0.19          0.30                 0.85           0.88                1.00
  NVDA           141        1308       54      129          0.49          0.51                 0.96           0.99                1.00
   JNJ           153           5     1373      168          0.02          0.06                 0.94           0.58                1.00
  COST           202          54     1009      607          0.06          0.08                 0.81           0.73                0.99
  META           202         926       46      698          0.44          0.39                 0.78           0.99                1.00
  NFLX           207        1193      428       59          0.49          0.40                 0.98           0.89                0.99
   WMT           225          27      990      726          0.03          0.06                 0.77           0.74                1.00
    HD           263         128     1521      198          0.08          0.11                 0.93           0.54                1.00
   XOM           480         317     1400      654          0.18          0.16                 0.79           0.58                1.00
  AMZN           561         793      520     1234          0.29          0.31                 0.61           0.87                1.00
  TSLA           923        1705      734      852          0.56          0.59                 0.73           0.81                1.00
2025-01-02 n = 3096
ticker  combined_pos  pos_forest  pos_mom  pos_roc  vol_36m_rank  vol_12m_rank  roc_greenblatt_rank  mom_12_2_rank  log_marketcap_rank
    MA            49          66     1067       36          0.08          0.03                 0.99           0.69                 1.0
  ORCL            58         521      606       82          0.20          0.28                 0.97           0.82                 1.0
  COST            68          39      754      469          0.07          0.06                 0.84           0.78                 1.0
   LLY            81         415      627      300          0.15          0.22                 0.90           0.82                 1.0
  AVGO            84        1010      338       16          0.30          0.46                 0.99           0.90                 1.0
     V            88          14     1329       34          0.05          0.04                 0.99           0.61                 1.0
    PG            98           2     1363       62          0.02          0.03                 0.98           0.60                 1.0
    HD           114          99     1159      236          0.09          0.08                 0.92           0.66                 1.0
   WMT           129          42      735      761          0.04          0.06                 0.74           0.79                 1.0
  AAPL           132         223     1296       22          0.13          0.11                 0.99           0.62                 1.0
  NVDA           174        1478      101       72          0.53          0.53                 0.97           0.97                 1.0
  NFLX           176         931      703       21          0.48          0.21                 0.99           0.79                 1.0
 GOOGL           217         440     1062      295          0.21          0.18                 0.90           0.69                 1.0
   JNJ           248          73     1657      135          0.02          0.03                 0.95           0.51                 1.0
  META           274         993      506      412          0.46          0.32                 0.86           0.85                 1.0
  MSFT           308         225     1544      226          0.13          0.07                 0.92           0.55                 1.0
  AMZN           610         783     1072      808          0.31          0.18                 0.73           0.69                 1.0
   XOM           691         181     1716      935          0.13          0.07                 0.69           0.50                 1.0
  TSLA          1677        1675     1865     1127          0.59          0.61                 0.62           0.42                 1.0
2026-01-02 n = 3027
ticker  combined_pos  pos_forest  pos_mom  pos_roc  vol_36m_rank  vol_12m_rank  roc_greenblatt_rank  mom_12_2_rank  log_marketcap_rank
     V             5          26      746       27          0.02          0.05                 0.98           0.76                1.00
   JNJ             7          53      679       83          0.01          0.03                 0.96           0.78                1.00
  NFLX            10         493      374       33          0.27          0.20                 0.98           0.88                1.00
    MA            20          32      897       24          0.02          0.05                 0.99           0.71                1.00
  MSFT            32          70      637      331          0.08          0.08                 0.88           0.79                1.00
 GOOGL            45         400      485      271          0.19          0.20                 0.90           0.84                1.00
   WMT            81         132      600      633          0.02          0.08                 0.77           0.80                1.00
  AAPL            85         338     1021       19          0.13          0.19                 0.99           0.67                1.00
  AVGO            97        1087      301       53          0.43          0.48                 0.97           0.90                1.00
  COST           129          52      999      486          0.03          0.04                 0.82           0.67                1.00
    HD           166          92     1357      237          0.04          0.05                 0.91           0.55                0.99
   LLY           193         653      868      257          0.23          0.31                 0.90           0.72                1.00
  AMZN           210         482      676      697          0.23          0.21                 0.75           0.78                1.00
  NVDA           224        1263      528       93          0.50          0.43                 0.96           0.83                1.00
    PG           242          51     1813       54          0.00          0.02                 0.97           0.40                0.99
  ORCL           333        1172      682      278          0.36          0.52                 0.90           0.78                1.00
   XOM           444          62     1313      979          0.06          0.07                 0.65           0.56                1.00
  META           560         788     1451      361          0.30          0.27                 0.87           0.52                1.00
  TSLA           729        1532      218     1167          0.60          0.63                 0.59           0.93                1.00
