1999-01-04 6341 5073 4894
2001-01-02 6065 4859 4556
2003-01-02 5022 4001 3886
2005-01-03 4773 3802 3723
2007-01-03 4658 3711 3602
2009-01-02 4358 3476 3382
2011-01-03 4052 3233 3123
2013-01-02 3827 3051 2981
2015-01-02 3928 3133 3073
2017-01-03 3820 3047 2940
2019-01-02 3759 3003 2923
2021-01-04 3933 3133 3080
2023-01-03 4593 3673 3508
2025-01-02 3919 3096 3017
universe rows 1129669 pick rows 13280

=== 3y by period: the stand-in's picks
                            n  vs_spy  peers  vs_peers  beat_spy   lost  peers_lost  cap_rank
combo          period                                                                        
lowvol         a 1999     120   0.057  0.003     0.054     0.625  0.525       0.545     0.626
               b 2000-02  360   0.172  0.024     0.149     0.872  0.142       0.436     0.606
               c 2003-04  240   0.032  0.023     0.009     0.629  0.088       0.242     0.728
               d 2005-12  960  -0.027 -0.024    -0.004     0.485  0.245       0.373     0.810
               e 2013-20  960  -0.081 -0.066    -0.015     0.292  0.230       0.316     0.763
               f 2021-26  320  -0.443 -0.231    -0.211     0.141  0.678       0.538     0.480
lowvol+mom     a 1999     120   0.042  0.010     0.033     0.567  0.583       0.554     0.811
               b 2000-02  360   0.092  0.007     0.085     0.775  0.306       0.436     0.765
               c 2003-04  240   0.085  0.011     0.074     0.700  0.062       0.256     0.675
               d 2005-12  960   0.008 -0.014     0.022     0.579  0.308       0.359     0.824
               e 2013-20  960  -0.026 -0.059     0.033     0.473  0.214       0.289     0.855
               f 2021-26  320  -0.086 -0.125     0.039     0.266  0.284       0.397     0.836
lowvol+mom+roc a 1999     120   0.082  0.011     0.071     0.833  0.342       0.552     0.897
               b 2000-02  360   0.092  0.001     0.092     0.764  0.253       0.438     0.817
               c 2003-04  240   0.005  0.011    -0.006     0.521  0.158       0.229     0.771
               d 2005-12  960   0.013 -0.007     0.020     0.620  0.307       0.348     0.857
               e 2013-20  960   0.010 -0.045     0.055     0.527  0.158       0.267     0.901
               f 2021-26  320  -0.127 -0.111    -0.016     0.219  0.353       0.382     0.878
lowvol+roc     a 1999     120   0.158  0.003     0.154     0.933  0.208       0.549     0.833
               b 2000-02  360   0.140 -0.000     0.141     0.803  0.158       0.444     0.812
               c 2003-04  240  -0.051  0.015    -0.066     0.333  0.200       0.203     0.830
               d 2005-12  960  -0.005 -0.002    -0.003     0.532  0.262       0.336     0.901
               e 2013-20  960  -0.002 -0.044     0.042     0.579  0.135       0.265     0.895
               f 2021-26  320  -0.214 -0.144    -0.070     0.212  0.353       0.420     0.757
           all_ex  all_lost
period                     
a 1999     -0.010     0.568
b 2000-02   0.009     0.463
c 2003-04  -0.002     0.291
d 2005-12  -0.057     0.449
e 2013-20  -0.111     0.401
f 2021-26  -0.218     0.524

=== 3y by year: the stand-in's picks
                       n  vs_spy  peers  vs_peers  beat_spy   lost  peers_lost  cap_rank
combo          year                                                                     
lowvol+mom+roc 1999  120   0.082  0.011     0.071     0.833  0.342       0.552     0.897
               2000  120   0.066 -0.037     0.103     0.608  0.617       0.638     0.831
               2001  120   0.098  0.010     0.088     0.883  0.125       0.414     0.811
               2002  120   0.112  0.028     0.084     0.800  0.017       0.261     0.809
               2003  120  -0.003  0.024    -0.027     0.425  0.117       0.206     0.749
               2004  120   0.013 -0.002     0.015     0.617  0.200       0.251     0.793
               2005  120  -0.073 -0.012    -0.061     0.350  0.567       0.416     0.875
               2006  120  -0.016 -0.018     0.002     0.567  0.767       0.724     0.869

=== 1y by period: the stand-in's picks
                            n  vs_spy  peers  vs_peers  beat_spy   lost  peers_lost  cap_rank
combo          period                                                                        
lowvol         a 1999     120  -0.106  0.265    -0.371     0.292  0.558       0.490     0.626
               b 2000-02  360   0.238  0.149     0.089     0.867  0.222       0.533     0.606
               c 2003-04  240   0.083  0.218    -0.135     0.571  0.138       0.269     0.728
               d 2005-12  960   0.009  0.050    -0.041     0.510  0.290       0.390     0.810
               e 2013-20  960  -0.074  0.011    -0.085     0.365  0.328       0.359     0.763
               f 2021-26  560  -0.279 -0.111    -0.168     0.232  0.491       0.537     0.543
lowvol+mom     a 1999     120  -0.084  0.172    -0.256     0.342  0.517       0.491     0.811
               b 2000-02  360   0.189  0.091     0.099     0.764  0.422       0.542     0.765
               c 2003-04  240   0.181  0.170     0.011     0.688  0.121       0.286     0.675
               d 2005-12  960   0.037  0.045    -0.009     0.518  0.344       0.386     0.824
               e 2013-20  960  -0.025 -0.010    -0.015     0.454  0.274       0.336     0.855
               f 2021-26  560  -0.076 -0.069    -0.007     0.338  0.441       0.451     0.852
lowvol+mom+roc a 1999     120  -0.027  0.120    -0.147     0.292  0.533       0.492     0.897
               b 2000-02  360   0.156  0.058     0.098     0.731  0.411       0.547     0.817
               c 2003-04  240   0.085  0.103    -0.018     0.588  0.192       0.269     0.771
               d 2005-12  960   0.037  0.044    -0.007     0.520  0.352       0.373     0.857
               e 2013-20  960   0.018 -0.013     0.032     0.544  0.209       0.322     0.901
               f 2021-26  560  -0.100 -0.059    -0.041     0.316  0.430       0.435     0.903
lowvol+roc     a 1999     120  -0.064  0.134    -0.197     0.350  0.492       0.498     0.833
               b 2000-02  360   0.261  0.060     0.202     0.822  0.275       0.553     0.812
               c 2003-04  240  -0.005  0.100    -0.106     0.475  0.246       0.260     0.830
               d 2005-12  960   0.022  0.041    -0.019     0.527  0.288       0.362     0.901
               e 2013-20  960   0.014 -0.003     0.017     0.558  0.182       0.321     0.895
               f 2021-26  560  -0.152 -0.071    -0.081     0.345  0.404       0.468     0.794
           all_ex  all_lost
period                     
a 1999      0.295     0.486
b 2000-02   0.113     0.563
c 2003-04   0.187     0.316
d 2005-12   0.044     0.451
e 2013-20  -0.001     0.420
f 2021-26  -0.111     0.542

=== 1y by year: the stand-in's picks
                       n  vs_spy  peers  vs_peers  beat_spy   lost  peers_lost  cap_rank
combo          year                                                                     
lowvol+mom+roc 1999  120  -0.027  0.120    -0.147     0.292  0.533       0.492     0.897
               2000  120   0.132  0.036     0.096     0.642  0.542       0.585     0.831
               2001  120   0.187  0.059     0.128     0.867  0.392       0.572     0.811
               2002  120   0.150  0.078     0.072     0.683  0.300       0.483     0.809
               2003  120   0.080  0.147    -0.066     0.608  0.117       0.205     0.749
               2004  120   0.089  0.060     0.030     0.567  0.267       0.333     0.793
               2005  120   0.002  0.039    -0.037     0.475  0.275       0.317     0.875
               2006  120  -0.142  0.018    -0.160     0.200  0.442       0.263     0.869
      all_ex  all_lost
year                  
1999   0.295     0.486
2000   0.045     0.611
2001   0.120     0.576
2002   0.184     0.493
2003   0.323     0.227
2004   0.048     0.407
2005   0.054     0.387
2006  -0.002     0.381
2007  -0.070     0.734
2008   0.043     0.738
2009   0.315     0.231
2010   0.052     0.333
done
